Тесты:

1.
4
1 3
1 1
3 1
2 7
2 8
Ответ:
1
1
7
8

2.
2
1 3
2 1
2 1
Ответ:
1
2

3.
2
1 2
2 1
1 7
Ответ:
1
7

4.
2
1 2
2 1
1 1
Ответ:
2
1

5.
4
1 3
2 1
4 1
2 1
4 1
Ответ:
1
1
2
2

6.
4
1 3
1 2
3 2
1 1
3 1
Ответ:
2
2
1
1

7.
1
1 3
2 95
Ответ:
95

8.
2
1 3
2 95
4 107
Ответ:
95
107

9.
2
1 3
2 107
4 95
Ответ:
107
95

10.
8
1 3
1 1
2 1
3 1
4 1
2 2
4 2
1 3
3 3
Ответ:
1
2
1
2
4
4
3
3

11.
5
1 4
1 4
1 3
1 2
4 1
4 2
Ответ: 
5 4 3 1 2

12.
4
1 3
1 1
3 1
2 1
2 2
Ответ:
1 1 2 3

13.
4
1 2
1 1
2 1
3 1
4 1
Ответ
1 2 3 4

14.
1
1 4
1 1
Ответ
1

15.
4
1 3
3 1
1 2
2 2
2 1
Ответ
1 2 4 3

16.
6
3 4
3 1
3 2
3 3
4 1
4 2
4 3
Ответ
1 2 3 4 5 6

17.
4
3 2
1 1
1 2
3 1
3 2
Ответ
3 4 1 2

18.
4
3 4
1 1
1 2
3 1
3 2
Ответ
3 4 1 2

19.
4
1 4
1 1
1 2
3 1
3 2
Ответ
1 2 3 4

20.
4
1 2
1 1
1 2
3 1
3 2
Ответ
1 2 3 4

21.
5
1 4
2 1
1 1
4 1
3 2
3 4
Ответ:
3 2 1 4 5

22.
27
4 3
4 59
4 66
3 25
3 79
2 8
4 94
2 32
1 2
3 41
1 43
2 29
4 61
4 34
2 20
3 66
3 100
3 75
3 87
2 97
1 73
3 93
1 71
1 67
3 43
2 95
2 82
2 77
Ответ
59 67 25 79 8 94 32 2 41 44 29 61 34 20 66 100 75 87 97 73 93 71 68 43 95 82 77
